N=200
ro=0.100000
rp=0.000000
rc=0.000000
V=1000.000000
triangles = -1
shots=1000
radii=999
min_pore_radius=0.745622
max_pore_radius=1.879329
mean_pore_radius=1.608520
stderr_pore_radius=0.046927
phi_reff=0.001000
cells=1
threads=1
voro_cpu_time=0.001546
voro_real_time=0.001546
triangle_setup_cpu_time=0.007486
triangle_setup_real_time=0.007486
MonteCarlo_cpu_time=12.966483
MonteCarlo_real_time=12.966483
